30
54 44 -82 42 85 -80 75 -19 37 -30 10 -22 -62 12 81 64 3 -62 -57 -9 12 -10 -52 -59 50 -64 -41 10 -94 18 23242
-53 63 22 -47 95 1 77 -1 17 52 -82 -10 14 -14 65 23 -80 -13 -54 64 -75 -98 34 84 -88 93 68 13 -90 30 27583
-15 92 -66 -10 17 -95 14 -95 55 70 71 -84 63 -27 76 -92 6 -45 -68 55 6 84 74 47 29 77 -51 -17 57 24 -4851
41 54 -38 -38 17 -79 -76 -47 70 -35 87 -39 65 -30 -11 86 -79 35 47 -85 -78 -15 60 -55 -62 -65 63 43 49 65 -44033
-20 70 -75 -34 96 -66 -42 36 2 52 -92 10 49 -21 20 -88 -93 -30 -23 3 -34 84 -35 -18 15 -5 27 98 -26 -69 -4437
-9 21 74 -86 -67 -8 22 -75 -61 -77 55 -10 -12 19 -79 66 42 76 37 -50 -17 -39 49 -14 64 80 28 -2 15 -45 -35046
28 -71 -93 -7 70 0 54 -5 -23 19 11 -62 40 43 10 61 -30 24 -7 -16 64 -9 8 65 -62 41 25 -92 -98 14 17478
-53 -57 -58 -56 34 15 13 45 28 89 -67 92 58 77 16 32 25 -92 74 50 -92 98 7 24 -56 -42 22 -76 -5 55 17204
-95 -40 50 1 96 -91 70 -19 57 -29 -46 78 -1 -61 -44 -8 -60 -48 -3 19 -45 -21 15 -67 15 38 -70 85 -31 -48 -557
-85 51 90 -25 -39 78 78 -36 -27 -18 -95 96 -99 23 -79 5 93 -33 -49 -65 44 14 75 9 -66 -20 -69 -68 3 9 40487
-65 -63 35 22 4 40 92 65 -12 73 2 -3 -90 -72 73 -16 -64 30 26 -18 -11 10 -56 -22 84 -98 21 -11 -65 -50 15043
-42 -17 -76 -5 -48 -94 28 77 -90 -65 -19 -64 8 -16 63 69 -95 68 23 -14 -91 -63 -21 28 -51 -13 -29 -57 65 51 -6813
-40 -40 -47 -5 -68 -94 63 21 -59 68 -68 3 -89 -28 30 58 93 -51 50 -72 -92 84 -44 92 20 -55 -55 20 -12 -80 17521
-91 41 -79 -34 -83 -88 75 1 -85 -30 -84 -55 -46 10 53 -69 -83 22 -18 -100 -96 63 -86 41 26 19 5 -35 -58 -54 26860
11 -51 -27 37 31 77 -95 98 12 13 96 -68 -53 -2 -37 16 34 -81 -86 -14 45 92 -98 -42 -28 29 -13 10 -55 45 16110
-80 -96 -20 -15 29 -86 -75 88 -97 30 -91 50 -78 1 -47 -23 -28 8 67 -36 90 -7 95 -85 33 -24 -80 -36 11 -19 -17308
69 4 -43 43 19 -71 97 68 23 44 84 39 -24 -68 -99 4 -97 29 97 38 53 48 8 23 -89 -28 53 58 72 66 -23805
39 81 35 86 63 54 92 49 93 7 2 43 -37 90 -38 -42 -50 -88 91 -58 -99 -33 -54 -35 39 16 -30 -37 -83 55 39177
-87 66 -23 96 18 15 42 -18 98 69 85 62 97 91 -6 -93 72 -26 88 -5 17 -63 85 -65 23 -48 45 -88 -13 45 15619
-66 -28 72 73 31 -81 -13 -44 -37 -82 27 -72 -90 7 -71 80 82 21 -60 -18 -58 56 60 49 -4 -15 16 -43 14 -86 -12951
6 5 52 52 -89 -5 -12 -94 -3 -8 62 -85 25 71 -53 93 37 68 82 13 67 -5 62 19 80 66 -80 -23 -79 8 -16304
-60 -20 80 47 50 20 67 -28 -76 -58 33 -88 -57 32 -79 7 56 12 18 -91 44 -58 73 40 51 40 42 57 11 37 773
-66 -4 -35 65 -36 -89 93 -41 32 56 83 -35 -59 94 17 -22 -56 -47 -31 -32 98 46 -27 53 18 35 -70 19 -19 -7 19767
-15 -90 -62 86 35 5 -73 -38 49 2 -55 -94 29 -35 -84 80 -7 -91 72 36 90 -3 -36 27 80 -67 -79 94 29 -57 -12622
-75 -18 23 50 -13 -6 -4 5 68 -21 65 9 -20 87 55 32 43 -87 59 68 -82 58 -48 -41 -15 33 74 34 -84 38 17787
34 82 -73 84 -79 -3 19 12 35 -85 -65 86 -38 47 36 75 20 -53 -11 -10 42 11 30 9 -3 -77 -64 75 -81 -86 24846
-2 39 -77 -49 -1 80 43 10 -56 -24 -84 4 -27 -40 32 -72 76 65 63 -13 -33 58 -61 -97 52 75 -57 -37 -78 -43 22979
26 -33 -6 -84 -18 -62 88 -11 -48 -26 -60 41 75 28 65 -36 -98 -23 74 -1 -42 18 -36 97 -39 92 92 -28 -71 28 20146
-59 -60 8 -59 53 -38 -34 0 -18 79 -35 -83 76 12 93 47 -8 -98 -79 -34 56 -33 76 -98 88 -65 -47 69 81 -70 -24481
-49 50 4 -46 -27 -95 36 -3 -49 -93 -59 26 37 58 -43 53 29 -63 -51 26 76 -62 -61 70 -10 2 80 89 63 -33 1880
73 39 29 17 -52 -10 -75 14 73 -87 86 32 -46 -21 93 -47 -23 72 38 39 84 93 20 -70 39 -24 -98 -71 39 -38
