20
54 -83 39 94 -71 -53 91 20 -48 65 85 -45 70 -70 -7 -33 -13 -10 -95 71 43130
-97 -11 10 76 -11 36 76 -4 29 -72 -99 72 -98 -88 -29 -31 54 -9 61 2 8773
95 -82 -60 63 33 -63 99 -13 -26 80 0 31 53 13 -26 78 -2 -67 -80 -3 1873
-65 -1 -84 96 -55 -14 -86 96 -62 12 8 -64 95 44 -28 -89 -66 41 36 16 4207
94 27 5 -28 -85 -73 -18 -54 -22 -71 -64 20 -83 -30 -20 -93 51 32 -55 13 14053
-41 85 1 42 51 -65 -41 -25 -54 -10 64 57 -81 -59 -29 -21 77 -72 -99 83 12657
-21 -44 13 -66 99 -60 -95 4 8 -9 28 -2 2 14 36 -36 96 19 60 -53 -10706
-64 78 -53 59 -99 -23 62 39 -42 -29 81 -34 -73 -62 85 86 -57 33 71 80 9575
-99 73 -91 94 -89 60 -10 49 -80 -12 52 -24 77 26 -72 26 77 27 91 4 15440
35 -11 -11 -41 -31 -89 -44 -72 -54 -2 -15 91 20 -28 34 -94 -79 10 96 46 4823
65 31 -18 41 85 -47 -99 90 -78 31 29 55 -41 17 12 89 -59 87 68 73 -21734
19 55 -59 -15 3 82 -73 45 -99 -90 -31 -89 -35 -74 43 -38 -37 12 -12 71 1269
-64 -63 57 -93 8 -4 -69 -94 -80 70 -44 12 68 95 69 -11 93 65 39 -53 -12057
78 1 -12 72 2 -50 -79 71 84 98 11 -60 35 53 -78 20 -89 -63 54 52 -15586
-84 -87 93 -75 34 26 71 -92 78 -77 62 88 -47 -95 85 -75 75 27 -69 -99 16987
-100 -99 -60 54 -97 31 -91 -97 -53 -99 -62 28 -17 74 5 72 57 -83 5 18 -6519
19 70 -39 -31 26 74 -1 65 20 57 -58 -73 14 -71 -20 65 72 92 53 6 -9731
-50 4 97 61 51 14 -64 -54 92 84 76 19 78 61 -29 -47 37 87 80 -95 -10996
-14 -19 61 50 -9 -5 63 89 -93 -50 6 79 13 -71 32 77 -26 -55 -55 22 27045
-64 98 80 -46 -83 -93 65 -44 29 -43 -6 89 -57 -79 -83 -88 19 -42 1 9 34134
10 50 77 -90 -53 64 -30 -90 -93 -32 -68 -80 -24 4 -19 -67 -78 -34 -74 -74
